Testing cyclic eigenvalue decomposition
Printing original matrix, A:
0.847	0.945	0.036	0.680	
0.945	0.705	0.247	0.521	
0.036	0.247	0.899	0.675	
0.680	0.521	0.675	0.446	

Printing V: 
0.594	0.348	0.429	0.585	
-0.310	-0.727	0.268	0.551	
0.387	-0.212	-0.830	0.341	
-0.633	0.553	-0.236	0.488	

Printing diagonalized eigenvalue matrix, D:
-0.349	-0.000	0.000	-0.000	
-0.000	-0.072	0.000	-0.000	
0.000	-0.000	0.993	0.000	
0.000	0.000	0.000	2.323	

Testing that V^{T}AV = D:
-0.349	-0.000	0.000	0.000	
-0.000	-0.072	-0.000	0.000	
0.000	-0.000	0.993	0.000	
0.000	0.000	0.000	2.323	


Testing eigenvalue by eigenvalue decomposition
Printing original matrix, A:
0.055	0.451	0.161	0.681	
0.451	0.257	0.568	0.545	
0.161	0.568	0.417	0.729	
0.681	0.545	0.729	0.190	

Printing matrix with eigenvalues, D, low to high:
-0.730	0.000	0.000	0.000	
0.000	-0.253	-0.000	-0.000	
0.000	-0.000	0.067	0.000	
0.000	-0.000	0.000	1.834	

Printing matrix with eigenvectors, V, corresponding to low to high:
0.582	-0.180	-0.691	0.390	
-0.128	0.857	-0.050	0.498	
0.418	-0.206	0.706	0.533	
-0.686	-0.438	-0.147	0.563	


Testing decomposition from high to low eigenvalue
Printing matrix with eigenvalues, D, high to low:
1.834	-0.000	0.000	0.000	
-0.000	0.067	-0.000	-0.000	
0.000	-0.000	-0.253	0.000	
0.000	-0.000	0.000	-0.730	

Printing matrix with eigenvectors, V, corresponding to high to low:
0.390	0.691	-0.180	-0.582	
0.498	0.050	0.857	0.128	
0.533	-0.706	-0.206	-0.418	
0.563	0.147	-0.438	0.686	



Testing time for cyclic versus one eigenvector


Printing original matrix, A:
0.877	0.520	0.045	
0.520	0.968	0.517	
0.045	0.517	0.302	

Printing matrix V with first eigenvector only:
0.271	0.764	-0.585	
-0.547	0.623	0.560	
0.792	0.168	0.587	

Printing matrix V by cyclic method:
0.271	0.773	0.573	
-0.547	-0.366	0.753	
0.792	-0.518	0.323	

1 eigenvector. Time: 0.0023550987243652344
Cyclic method. Time: 0.005233049392700195


Printing original matrix, A:
0.123	0.584	0.933	0.508	
0.584	0.506	0.631	0.239	
0.933	0.631	0.250	0.892	
0.508	0.239	0.892	0.912	

Printing matrix V with first eigenvector only:
0.621	0.248	0.725	-0.162	
0.050	0.934	-0.346	0.076	
-0.755	0.249	0.591	0.133	
0.202	-0.065	0.067	0.975	

Printing matrix V by cyclic method:
0.621	-0.597	0.215	0.461	
0.050	0.609	0.682	0.402	
-0.755	-0.344	0.035	0.556	
0.202	0.394	-0.698	0.563	

1 eigenvector. Time: 0.011493444442749023
Cyclic method. Time: 0.023507118225097656


Printing original matrix, A:
0.095	0.638	0.192	0.123	0.573	
0.638	0.373	0.972	0.744	0.298	
0.192	0.972	0.178	0.873	0.751	
0.123	0.744	0.873	0.143	0.889	
0.573	0.298	0.751	0.889	0.867	

Printing matrix V with first eigenvector only:
0.442	0.740	-0.434	-0.094	0.245	
-0.616	0.658	0.334	0.169	-0.221	
0.460	0.123	0.835	-0.181	0.207	
0.288	-0.011	0.056	0.956	-0.020	
-0.362	-0.067	0.009	0.127	0.921	

Printing matrix V by cyclic method:
0.442	0.114	0.848	0.040	0.267	
-0.616	0.042	0.143	0.626	0.455	
0.460	-0.642	-0.315	0.218	0.480	
0.288	0.741	-0.395	-0.012	0.462	
-0.362	-0.159	0.079	-0.747	0.528	

1 eigenvector. Time: 0.04188871383666992
Cyclic method. Time: 0.06793403625488281
