Printing original matrix, A:
0.302	0.257	0.075	0.460	
0.257	0.459	0.916	0.151	
0.075	0.916	0.180	0.550	
0.460	0.151	0.550	0.829	

Printing V: 
0.213	0.859	-0.346	0.313	
-0.583	0.191	0.590	0.524	
0.737	-0.245	0.331	0.536	
-0.267	-0.408	-0.650	0.583	

Printing diagonalized eigenvalue matrix, D:
-0.723	0.000	0.000	0.000	
0.000	0.119	-0.000	-0.000	
0.000	-0.000	0.656	-0.000	
0.000	-0.000	0.000	1.718	

Testing that V^{T}AV = D:
-0.723	0.000	0.000	0.000	
0.000	0.119	-0.000	-0.000	
0.000	-0.000	0.656	-0.000	
0.000	-0.000	0.000	1.718	

